8
7 7 7 10 11 9 10 11
7 7 6 5 4 3 2 1

7
4 2 4 3 1 4 6
70 60 50 40 30 20 10

10
1 2 3 4 5 6 7 8 9 10
1 2 3 4 5 6 7 8 9 10

5
2 4 3 3 4
7 2 3 9 3

7
1 2 3 4 5 6 7
100 20 78 87 69 96 1

20
1 2 3 4 5 6 7 8 9 10 1 2 3 4 5 6 7 8 9 10
10 9 8 7 6 5 4 3 2 1 1 2 3 4 5 6 7 8 9 10

50
17 16 32 16 1 11 9 41 8 22 9 10 47 10 49 42 37 35 42 42 1 13 41 1 15 1 40 34 17 27 27 49 17 28 50 12 10 50 12 35 17 20 35 45 45 41 23 33 12 12 
20 47 11 34 70 11 16 76 27 98 4 43 55 57 9 23 86 63 34 23 76 24 25 44 72 21 38 19 88 31 87 72 6 34 3 1 65 87 63 64 91 23 20 28 30 61 16 53 100 21 

100
4 54 16 18 97 15 11 67 36 30 11 68 56 95 29 98 25 72 55 29 25 48 8 94 25 84 16 52 12 23 16 7 32 68 33 86 8 49 49 31 72 37 7 9 99 93 28 13 50 28 62 13 2 34 100 89 28 79 86 99 66 3 90 18 25 92 59 9 9 13 25 12 1 42 89 91 95 97 55 62 42 63 53 21 42 60 53 25 95 46 94 18 22 77 39 75 60 23 65 99 
89 98 2 45 73 46 42 14 40 79 81 13 83 8 88 32 4 41 12 29 42 42 1 63 58 92 4 18 69 28 67 100 8 46 73 82 60 59 96 42 66 34 10 50 14 72 40 53 49 18 17 41 97 63 10 77 60 93 15 75 32 20 58 88 98 93 21 55 56 65 97 40 72 83 6 74 94 66 24 62 9 86 98 89 47 44 1 40 10 12 71 87 53 82 45 72 90 33 62 12 

500
146 304 344 431 444 281 256 424 478 125 266 127 332 339 249 65 408 483 256 50 405 457 293 454 301 34 284 37 327 90 278 162 52 137 339 183 261 450 216 272 138 305 317 74 358 52 206 314 159 244 125 251 139 24 7 427 78 230 254 397 342 309 54 291 157 112 78 305 498 473 98 258 419 407 159 417 464 252 75 468 312 398 461 244 464 329 435 296 28 486 14 212 6 177 278 348 160 247 427 93 386 114 34 18 443 413 436 379 404 413 96 498 339 112 115 144 40 12 385 327 198 348 345 103 116 389 214 197 109 395 484 438 353 389 8 25 185 438 296 477 286 489 128 17 60 192 438 281 28 429 285 232 448 465 263 446 467 124 281 236 329 9 390 185 183 457 356 427 122 162 354 18 252 118 385 313 72 470 321 47 443 116 414 96 415 318 20 176 443 280 20 106 455 103 449 201 429 268 301 11 316 97 267 263 72 455 465 313 50 180 321 91 498 325 406 410 82 218 372 485 197 200 55 22 167 295 40 451 498 414 188 242 138 124 123 299 173 32 53 354 447 319 34 353 136 60 279 76 173 40 310 323 271 176 166 406 226 300 477 350 31 469 178 188 236 417 318 7 448 437 488 375 61 19 292 260 157 237 174 131 297 66 296 195 104 484 485 54 167 398 342 339 327 494 352 359 339 253 180 487 216 366 196 261 203 244 163 300 93 256 350 25 33 67 328 100 129 116 495 403 374 468 456 453 346 229 417 374 486 240 76 398 225 71 487 35 258 23 218 219 137 466 385 78 345 487 106 56 176 12 69 297 471 456 107 413 12 399 160 23 226 87 75 157 383 448 295 362 160 250 498 50 140 197 45 17 205 298 104 411 500 60 200 219 431 405 122 499 410 406 220 239 221 332 18 203 295 145 402 314 152 119 315 88 186 462 184 247 398 340 29 234 286 132 461 62 37 227 263 50 51 139 430 129 145 349 478 269 260 258 212 102 22 456 217 379 252 26 4 276 19 17 56 117 412 48 355 125 350 362 364 127 375 203 402 137 250 340 2 342 203 331 19 310 139 351 452 31 473 63 366 323 441 101 134 211 188 345 429 349 9 118 158 81 287 417 440 421 62 343 441 435 46 125 197 236 145 330 75 141 
217 3 177 176 383 392 179 388 314 273 154 46 430 136 185 57 82 12 395 239 227 493 42 316 107 114 244 277 499 415 344 133 245 453 307 337 109 94 379 82 488 33 87 203 109 154 453 186 484 242 45 295 92 258 130 348 130 260 78 244 234 493 249 150 280 273 402 175 159 440 389 15 36 42 440 216 355 209 473 125 182 38 16 130 426 437 497 311 285 433 400 82 396 320 323 361 170 234 35 472 154 64 371 399 478 431 473 355 483 206 226 126 486 48 21 496 468 164 135 119 442 491 101 150 108 448 297 493 496 94 398 380 25 95 451 471 260 279 406 61 425 379 464 356 211 135 427 248 38 170 75 97 397 41 391 210 75 29 141 31 496 56 499 495 212 334 30 490 260 152 470 153 354 66 175 80 290 113 456 150 268 251 355 208 336 66 364 398 8 47 93 483 73 76 1 16 40 376 244 278 281 293 358 84 325 129 315 85 357 277 447 412 103 303 441 325 217 340 237 260 467 318 362 112 356 290 421 87 72 148 464 140 324 197 78 25 366 106 112 112 239 139 127 39 494 323 342 459 315 46 114 281 20 26 196 474 103 282 432 189 184 180 68 410 316 274 26 210 354 292 29 32 425 356 273 58 10 101 302 32 407 120 147 20 316 383 7 150 33 352 251 14 333 99 398 212 77 183 450 319 476 118 499 402 97 370 121 291 494 334 33 332 428 178 447 474 82 238 247 244 26 53 25 125 250 328 303 157 160 32 485 441 196 314 226 69 333 74 222 274 334 210 18 137 242 284 408 54 54 1 139 383 159 347 481 459 15 161 367 186 7 377 352 268 327 475 382 210 441 272 482 148 230 90 478 208 409 254 344 306 49 185 72 184 435 415 2 163 216 453 214 459 261 259 160 435 419 29 143 453 119 21 191 229 463 360 101 139 150 352 424 150 426 367 474 358 19 190 57 222 254 160 131 463 487 128 402 183 411 468 456 485 33 359 298 240 88 46 347 10 380 22 168 183 125 221 45 70 269 14 466 28 108 338 447 138 415 225 393 195 208 384 203 19 471 472 31 278 205 199 144 461 408 461 483 141 363 25 149 44 243 485 205 184 303 339 494 22 4 202 368 28 336 469 34 254 451 294 310 346 

200
161 3 132 178 46 101 170 132 199 136 104 34 38 53 172 199 124 132 112 15 64 91 131 197 57 17 125 88 102 16 133 131 196 162 76 108 169 6 151 64 38 50 97 69 2 99 48 7 180 107 81 199 49 74 86 153 103 24 47 181 73 90 23 177 60 123 200 173 161 157 185 175 117 64 47 111 133 2 50 149 101 199 154 170 59 131 185 141 136 14 83 143 175 56 43 9 177 165 175 36 184 138 39 80 74 185 82 170 64 185 131 128 32 138 2 199 31 87 117 79 195 92 8 140 1 58 18 113 42 33 74 80 180 110 194 197 150 13 91 36 115 49 17 48 82 177 193 46 117 37 152 48 26 90 158 54 31 185 147 42 153 55 192 107 78 41 9 109 89 78 25 183 94 97 87 45 6 191 56 14 93 150 140 1 139 159 165 116 64 61 78 85 44 22 89 60 29 34 52 64 
106 89 164 65 24 178 122 55 19 82 45 193 151 105 105 80 151 43 54 37 22 53 36 56 20 79 54 3 139 73 108 142 187 57 13 52 186 44 188 46 112 74 83 22 171 87 117 103 14 111 49 115 143 170 156 109 89 161 101 48 63 48 167 55 82 76 75 167 180 158 92 82 142 48 111 117 152 120 26 44 183 155 196 93 84 124 118 90 58 165 41 155 144 116 135 115 184 34 46 42 190 153 155 131 173 12 107 182 15 171 160 185 52 190 41 131 125 106 83 17 177 138 79 100 111 120 28 99 53 76 151 29 24 172 7 57 37 125 6 34 200 80 21 101 147 57 87 37 65 44 186 169 196 25 81 44 148 66 173 117 184 169 108 96 170 32 58 157 134 11 104 39 99 161 27 200 133 19 71 3 90 75 43 26 132 57 110 25 54 138 42 10 179 107 168 123 75 156 164 125 

1000
96 972 288 341 210 431 319 269 779 111 148 466 793 82 744 14 371 771 348 961 130 155 802 427 307 849 498 243 667 719 670 336 500 983 538 992 640 270 119 224 27 200 815 540 181 380 542 695 360 721 783 364 88 681 956 374 945 269 890 606 957 938 764 731 13 66 551 286 447 293 478 470 266 794 222 481 470 233 69 245 39 91 263 38 708 483 185 8 410 167 274 864 231 706 926 990 92 724 541 837 746 357 20 326 424 69 642 898 795 727 21 71 304 847 613 237 806 842 914 321 760 261 378 882 945 153 502 506 608 389 405 383 519 861 201 386 222 289 329 751 165 497 390 855 842 887 338 642 71 813 629 969 608 969 450 716 660 951 898 247 530 654 488 242 694 517 541 208 100 487 220 888 995 20 768 11 598 803 156 285 135 996 652 184 829 99 651 773 112 314 124 308 314 574 653 390 840 349 696 89 361 86 235 508 574 250 579 692 307 809 5 782 733 840 670 861 781 458 123 815 212 540 787 131 207 365 675 157 397 462 850 365 262 438 975 933 902 290 847 18 962 355 268 173 778 568 434 938 384 710 228 720 977 932 558 354 713 172 780 222 212 199 555 572 850 824 22 137 546 484 661 917 346 816 544 81 822 948 762 853 351 983 772 489 598 411 479 586 898 298 711 920 541 752 964 982 198 219 946 145 554 489 707 980 268 961 419 251 56 61 605 479 882 102 781 242 908 904 117 475 775 279 355 404 282 626 523 138 401 759 225 173 544 40 274 608 792 21 388 779 80 834 979 496 200 282 725 218 378 419 944 637 227 44 354 250 737 100 49 553 348 509 93 716 841 417 947 402 5 388 699 417 903 435 964 15 322 203 62 779 121 508 728 423 84 447 795 849 850 535 423 11 415 996 461 232 880 445 676 231 788 919 816 269 405 880 240 726 519 937 695 635 193 268 69 691 970 43 750 483 206 65 891 496 537 140 456 223 34 259 247 170 44 92 115 22 641 962 855 443 856 21 975 619 753 642 167 31 302 541 203 318 564 676 999 264 138 558 192 82 786 307 43 562 398 854 492 253 540 784 385 327 420 919 8 451 138 815 822 540 752 119 890 107 557 359 890 306 435 793 228 89 558 582 975 254 569 842 755 962 973 299 542 738 788 485 577 203 555 818 130 514 783 344 764 490 225 187 76 351 436 317 340 875 342 619 861 831 534 90 464 661 149 929 103 3 864 577 914 531 621 995 324 824 115 248 455 459 15 543 596 399 637 762 216 426 147 34 812 77 756 325 860 54 452 484 906 492 271 138 235 282 359 466 162 240 494 256 812 126 16 587 396 882 556 761 600 612 13 988 540 584 492 971 397 196 441 780 928 307 194 113 204 353 434 664 310 104 685 255 667 490 187 560 179 272 276 265 612 426 459 951 589 376 22 845 516 497 549 711 210 985 72 372 237 296 686 332 190 425 483 294 533 136 433 244 785 544 131 763 124 444 878 174 103 516 185 226 106 251 847 183 86 638 370 413 895 783 290 526 900 787 470 579 672 536 298 738 654 108 714 365 457 898 301 750 522 38 774 322 733 107 815 484 566 810 343 964 488 302 134 847 526 670 718 320 262 282 429 911 986 410 408 113 145 603 401 785 190 708 676 734 719 64 343 140 649 316 504 912 777 532 979 670 62 897 860 580 230 86 418 253 422 403 621 975 173 801 26 230 443 567 732 293 831 780 189 993 470 710 389 73 507 970 457 755 563 957 16 888 951 243 266 259 592 470 19 150 278 778 663 581 57 854 877 223 52 261 57 731 767 510 557 959 100 232 912 566 684 610 633 931 483 475 77 969 33 805 56 694 106 711 672 343 569 83 768 445 816 636 524 280 571 277 592 243 966 822 22 952 379 120 112 861 401 548 362 504 577 30 444 127 291 432 127 403 113 500 85 38 538 849 38 418 282 539 103 292 191 596 414 537 735 951 412 223 193 655 578 295 657 579 456 665 912 588 897 890 195 90 835 314 546 804 222 1000 364 791 490 866 617 529 582 255 136 375 286 24 331 571 285 318 767 314 83 685 32 485 873 778 381 341 979 441 688 453 876 355 881 571 640 725 763 487 662 820 334 95 742 664 503 730 682 326 309 139 878 491 165 241 972 53 305 477 804 820 724 867 138 425 729 613 2 254 132 916 968 23 145 856 275 7 77 378 145 686 674 160 417 81 270 169 365 546 733 225 87 778 934 543 85 469 636 158 744 764 910 385 449 968 986 834 477 78 405 652 459 6 389 983 
531 617 523 397 786 866 731 515 163 36 742 25 440 516 162 950 129 32 264 118 699 304 335 245 893 596 55 344 280 743 352 258 77 418 852 404 683 700 962 313 857 544 556 513 561 144 236 468 141 993 578 154 718 222 273 808 395 674 43 294 903 128 218 295 934 573 329 96 377 280 690 556 784 881 537 559 216 776 312 930 557 743 684 191 146 227 480 677 110 654 601 998 569 241 547 447 543 721 778 959 60 383 707 684 817 84 755 602 46 612 983 54 177 610 630 275 262 901 701 810 655 274 178 839 621 938 427 801 832 806 239 66 867 864 476 873 620 123 499 436 403 397 906 297 56 315 681 575 522 838 278 600 973 734 668 18 580 852 850 183 984 860 432 681 807 587 223 34 880 893 274 203 438 954 335 619 43 737 779 611 255 478 621 247 497 856 953 391 837 462 568 919 743 148 61 884 295 264 76 584 310 450 334 936 320 883 592 180 778 757 621 22 965 35 273 383 451 698 591 166 193 793 237 74 111 325 47 874 156 152 921 675 877 83 81 787 248 401 596 179 619 341 351 106 27 39 537 679 82 476 360 671 624 180 41 680 109 279 988 973 318 50 551 195 574 935 666 259 903 195 866 554 257 227 562 741 226 329 623 240 127 332 787 353 977 967 532 41 556 755 6 387 420 838 822 304 184 382 688 745 836 569 220 439 98 7 60 928 985 290 802 747 649 340 311 13 509 882 631 196 753 496 595 445 438 173 887 361 516 728 965 222 240 835 841 779 879 503 639 19 905 385 178 773 201 267 358 107 579 894 248 691 567 638 773 523 62 22 800 1000 634 670 760 552 483 922 513 949 591 701 769 253 689 86 919 241 358 274 567 139 796 50 736 36 116 14 538 956 81 434 146 819 393 367 321 487 36 997 548 599 715 513 140 760 986 714 560 966 489 520 258 805 799 942 208 480 544 615 268 898 930 695 878 923 138 908 112 597 548 77 162 111 58 545 655 714 84 363 472 571 217 253 735 385 477 475 911 311 252 897 626 387 982 479 778 688 772 308 509 872 74 953 99 375 149 799 202 252 374 212 852 649 959 489 286 278 54 864 156 248 200 941 956 280 488 466 464 921 224 975 640 890 543 497 239 13 75 970 349 558 193 978 965 528 619 101 343 469 161 869 321 53 603 58 49 393 334 646 383 239 677 317 81 577 826 125 758 618 949 219 111 936 516 927 211 40 428 424 394 134 607 563 149 684 934 720 451 821 48 93 815 691 340 367 392 286 132 798 433 53 139 865 26 114 960 634 518 521 339 259 304 497 71 561 215 142 224 327 617 318 871 118 407 595 212 84 813 416 844 555 638 920 804 852 773 867 548 987 183 274 863 261 919 669 642 791 929 395 994 976 523 754 843 418 337 775 783 661 801 25 523 212 582 553 592 660 553 628 945 187 100 340 1 550 72 652 47 725 298 379 556 154 522 354 251 696 684 25 330 912 26 287 601 898 770 25 713 90 476 181 455 441 463 31 312 710 44 796 423 684 858 69 245 814 20 230 952 968 288 872 695 119 378 499 381 820 840 912 629 709 871 198 325 805 598 395 381 718 329 806 81 459 817 642 653 834 802 846 513 562 661 883 670 954 727 541 880 962 498 294 596 478 586 935 371 416 595 448 511 709 873 274 902 227 143 547 933 256 940 17 839 583 76 827 142 87 323 949 217 621 47 218 359 515 846 303 890 881 212 477 104 51 66 911 14 938 941 197 725 816 419 217 778 750 171 208 720 280 236 842 153 404 86 237 221 406 393 799 282 192 507 740 277 504 822 783 344 91 377 283 692 176 669 268 585 24 187 801 804 61 916 998 391 463 121 872 743 127 420 575 587 350 599 227 944 525 196 72 69 259 220 460 59 162 644 579 852 211 196 352 49 812 562 7 972 263 183 449 509 652 568 831 787 665 744 739 809 730 228 315 932 28 303 119 770 62 206 214 885 665 567 107 207 383 822 118 416 811 904 192 894 47 460 959 205 532 726 971 295 965 941 472 854 597 56 925 96 554 437 588 857 514 34 587 447 85 560 467 810 195 516 671 995 144 631 934 639 116 465 429 923 936 41 319 930 406 745 510 797 552 400 7 587 732 935 976 33 319 88 237 187 279 83 116 3 861 139 854 457 667 713 583 933 810 447 983 593 512 232 10 658 824 838 357 832 73 668 34 716 20 934 270 450 8 733 33 63 888 719 165 204 208 750 410 588 220 831 786 755 746 679 297 255 136 249 415 923 601 467 953 

5000
2710 4666 1535 3022 587 4899 137 914 306 2628 2396 199 4830 211 4863 3346 3474 2359 1817 4276 1203 1800 1984 1773 224 213 1370 2931 4855 3774 3018 4050 1369 3988 3549 2262 3073 3054 1213 2247 1329 3381 3621 3748 3869 4417 2031 2276 2172 701 2667 4768 3261 1257 2496 2533 1990 2823 3776 4377 347 1048 4871 4491 4364 3392 4892 1392 4479 4831 1428 4532 553 3593 1594 3366 1303 3641 779 1031 994 2553 898 4019 3114 2341 3615 4473 1754 3441 534 3176 3628 4783 4989 2106 2078 2150 2101 694 4926 831 2709 1248 1266 4898 4611 4588 3715 785 1125 523 1555 2867 2527 3245 2540 3452 3869 200 2115 1922 2500 2183 1557 1531 3068 3855 4056 4285 136 2854 77 2255 2953 3596 917 3142 3856 4823 1538 3818 1283 3225 1863 1971 3154 1605 3322 286 2754 3346 2601 2340 649 1127 2067 3444 4147 2720 2305 271 237 4664 1676 2061 1024 2640 1112 623 96 4422 210 4077 1510 401 1854 2177 3498 1828 3861 2443 4573 3569 2436 214 3846 2680 1408 3274 3163 2712 225 1491 2603 861 1476 419 594 2163 1462 3852 1988 2842 3485 192 3029 3802 1697 549 4401 2353 3100 1283 1295 3779 541 3047 539 4153 3603 3837 4861 3861 1448 2385 1484 820 76 951 2998 1973 4660 3557 3308 4714 3426 1933 3034 3973 183 63 1821 3493 4991 2070 1928 1216 4460 4793 4296 1963 989 781 2183 2223 3231 2770 1782 790 3620 4491 1614 2904 3636 1914 2952 2079 3178 1363 2987 2481 1337 2911 4071 2967 102 1828 1448 3073 1967 3619 1573 469 4212 355 2345 2112 293 4980 754 2195 1029 862 1320 2345 477 2547 2168 3313 892 3378 858 1919 38 1037 2351 904 4010 1485 4103 870 5000 4141 1714 1440 2 4405 3533 1629 3747 2264 3008 1098 2302 1024 2429 411 4736 1600 2323 3039 3568 1241 2813 3135 4166 65 2981 1535 1138 2034 108 4382 2422 191 342 2979 2327 2076 433 4905 2703 4854 3807 3204 3519 3233 61 1004 2356 1129 2675 1681 983 1050 2060 768 761 4300 1864 2037 918 2297 3417 1641 2794 4817 4810 3903 4537 881 2007 2089 2131 4967 232 1624 3000 4649 304 1820 3977 4638 4294 377 3456 3964 2241 482 1024 564 561 4226 3863 3932 2252 4473 1066 283 3750 4899 2226 3394 2645 1592 4463 729 556 4647 682 4192 213 1580 2167 383 4445 4900 155 3975 4571 1199 850 2131 216 1789 1028 1425 3038 723 2424 3070 4218 1296 2066 3329 1012 2844 1825 22 4329 4129 4276 1918 3886 4492 1423 300 2207 133 3024 3443 2929 3396 3063 3183 4861 1359 2317 4866 1470 4266 3444 568 86 3598 4039 1156 43 1837 4971 4404 4528 3173 4807 715 849 1323 400 1078 1782 1666 2320 4793 3236 276 2416 426 3648 3671 2107 2173 4750 2228 2629 458 3649 1412 3675 717 3108 2820 4885 189 1480 3451 1074 2999 439 1098 2986 2547 256 4195 3842 3279 4612 1596 588 2010 3081 2406 4157 1868 1044 2761 947 3565 4020 59 2046 1987 613 2761 4477 4599 2867 1812 3493 2858 2423 3864 1694 2060 4302 4825 3935 2526 3216 3143 1187 4769 4783 2580 3 4766 2257 3346 2990 463 967 3962 4070 1702 3935 3491 3053 4612 4791 3048 4720 1676 3611 694 1499 3418 1248 836 557 686 1178 3955 2517 2518 3267 2152 3957 51 1797 1415 1351 410 1610 2186 1909 4965 3186 4563 2380 883 4637 518 1260 3134 4009 1451 1537 1867 774 843 1142 2048 4360 1864 4275 3289 2629 3722 1412 1971 2344 3191 4477 2412 2653 1203 4338 2482 518 3784 1155 3284 3213 527 160 2582 666 3720 641 4105 4912 1943 2506 3730 131 2959 1389 1562 2621 67 3840 910 2010 1459 3816 1391 1992 428 142 20 3514 3291 4465 1439 1447 1787 4012 2134 1598 2181 1802 1579 3581 4799 935 2918 1827 4352 177 3801 4811 2531 487 1780 946 4490 2208 4786 4338 613 1952 1179 1800 2939 4862 3116 2618 4881 3721 2268 3021 2001 476 4417 4054 788 4335 4626 2592 1946 1657 150 4190 3705 3379 93 273 1581 1654 3180 1756 4919 2408 2927 3198 1913 4595 3603 2359 569 734 4066 3727 3836 3512 1962 1491 3157 3922 2240 466 2670 3236 4969 2567 4750 1155 4729 2615 819 1617 1911 1966 4450 230 2297 2037 2117 4534 1868 1959 948 2579 903 2939 439 221 2776 636 4795 3150 4207 3832 1171 322 4602 2406 4769 231 1864 4332 3549 722 2762 40 4413 2451 1383 4685 4246 785 3327 4519 4362 4561 4522 1387 2282 3539 4634 4121 998 2093 4574 971 1962 4716 4073 3523 2507 2568 506 520 4907 56 4501 3401 2425 4414 3418 173 557 3612 3148 3802 2722 3063 2269 1301 1397 4402 1760 2465 4469 3598 4687 4971 1739 4609 3158 854 3580 669 3568 546 516 2099 4576 131 3509 3703 3931 4575 1025 206 180 3687 3117 13 3247 3649 2534 2371 2594 774 4784 3826 2025 2120 1525 1194 2546 1686 1547 3655 2952 1979 329 4027 4651 2892 2330 55 4048 465 4419 4687 253 405 2274 651 1000 905 2008 4469 2024 4270 1697 4480 1364 3514 3368 4285 2675 1197 4072 2884 4468 1660 2017 2177 3375 2237 960 2677 498 3620 3298 871 113 2541 2098 226 832 3740 4921 1881 4691 1066 2365 1112 3616 144 4806 3932 435 1913 1764 798 3986 162 2581 348 3074 3302 3342 2393 2306 4088 711 3967 1790 4335 3596 3369 1415 4865 1866 485 3913 3857 287 3746 1989 3347 4932 1039 1392 4251 4335 3148 212 1800 3972 3733 829 4110 1365 36 4631 652 1266 1646 462 1843 722 1953 1485 2961 4994 3091 1691 997 4669 4559 2523 4355 1101 2276 3636 3210 1672 1231 4680 4621 2471 2754 1864 575 3788 4749 4928 834 2826 3508 3287 2313 4297 1697 914 980 1409 1667 314 3188 1591 198 1859 1976 3918 2405 1165 1680 3304 1886 4528 3176 382 3693 1692 959 1244 4524 1255 888 4279 3314 1643 4272 4787 3329 1335 2306 3081 108 2980 3487 2310 3928 2235 2682 554 1954 2197 435 3399 3033 4723 3522 3264 3062 1735 3111 2308 2362 2267 1343 539 2286 1121 4674 2832 1425 514 130 4696 2541 1571 70 4418 4019 956 521 1431 73 4699 4836 1300 3137 3065 2683 4933 4299 2635 3303 2429 4574 1684 3695 4771 275 992 2821 3711 1106 4052 3078 1966 3953 1021 1769 3986 2593 3159 2204 229 2844 2551 363 455 1205 186 1419 766 2774 2014 4623 2230 784 3826 3176 1706 2358 3050 3138 4577 3035 382 4580 2164 4557 1108 4232 655 4010 2346 4252 2189 1578 1616 384 2257 2325 2318 2529 1627 247 1178 814 1440 3928 3077 1521 4326 2777 2230 168 2757 1188 3534 3501 2513 1499 2430 994 4776 2012 4318 3617 3039 3444 1976 2851 2202 1593 757 2015 2707 1476 1182 205 2731 2487 2189 4740 1639 467 3220 809 2988 86 2070 745 102 547 3733 712 3574 353 476 4291 66 841 158 1371 1497 722 167 2379 4151 4311 1226 1780 646 1020 1746 1503 910 2989 4924 4843 4110 328 1221 415 1971 467 744 4930 3912 1097 587 1233 1047 329 4139 4138 2687 3663 2508 2094 431 2367 3565 4107 4369 1328 4628 3059 3195 902 2158 1639 674 2522 2978 889 1719 1421 639 2008 63 4618 3946 3141 2550 3164 4413 4998 723 985 3108 1672 1506 653 3065 3642 3262 4593 4851 1088 573 1158 4491 1221 3569 3893 471 1509 3971 3264 4810 962 3707 4070 3755 2981 2165 4763 1853 4615 3502 1030 2359 4825 3896 3336 4877 1425 1323 2009 3727 1541 1148 2637 705 965 3858 3903 1891 892 3838 2781 1097 3159 1163 1452 4973 4690 743 237 4851 4311 256 2688 4022 4536 4610 4280 2833 1919 4424 3080 3705 1876 1282 3916 1033 3367 14 1403 3262 1390 2993 3147 4860 89 3391 1541 3696 3708 2922 1090 1016 2757 3160 927 4151 2526 2216 4813 2214 1405 1382 2853 3991 2747 1125 498 4923 3274 148 4710 1208 3555 4132 2770 1835 1126 3761 192 3852 1442 2135 1827 1098 1512 4030 3490 2172 1483 3001 4888 3050 4051 116 224 467 1851 4621 4815 504 3423 2013 994 185 2746 438 4218 278 231 278 3269 2201 3574 1765 2807 3906 1721 4324 4201 2571 3367 2582 4152 1286 4145 1491 4097 3539 84 667 692 654 3902 768 2966 2481 4756 1655 1988 4894 1483 1129 3252 567 4518 60 2390 1393 4648 135 4660 2670 1106 4831 4718 386 3327 2707 4456 4217 4845 3022 4952 2471 2151 1214 4419 3216 2417 785 2503 4065 4620 3600 2630 1910 2427 2990 2025 4726 2213 4970 315 923 1900 1874 88 1959 1124 4443 4062 1340 2808 3167 811 1194 4034 559 1919 342 1761 1849 1347 3696 1192 2923 2202 950 4189 2545 1695 2056 919 2507 1623 2548 1148 1866 3464 4595 4417 948 4523 4347 1611 838 646 118 2230 3418 2580 2947 860 2666 2105 2836 640 3435 3849 1312 3196 1741 4472 753 2392 2762 2888 3896 1291 4517 2206 1639 206 2181 2453 512 2631 98 1528 2917 2308 3512 4594 4112 986 1537 1448 3051 3060 4648 4457 4450 1575 155 1429 4096 606 3696 1188 4151 737 28 1136 116 611 4439 1086 4938 980 3268 2993 782 2188 272 4464 3587 4914 3329 1280 4591 2596 3481 2532 1349 192 2850 29 2885 730 2909 4149 2561 3862 2390 4240 729 2872 2498 893 561 1042 387 3201 817 4910 4467 1470 1189 1925 3392 434 1918 4048 3727 4354 1898 1413 916 1896 4367 1443 408 3242 1742 2081 3852 4662 3933 1581 1933 3427 3149 3169 1360 2777 2646 1402 2576 972 1263 35 3638 4669 946 2335 1585 1209 511 4111 1462 3886 1704 4851 841 4948 4374 2780 453 3008 4402 4217 4568 3551 4070 4216 1043 4272 1805 2176 2416 1107 2591 996 4236 3905 4570 2498 664 1539 2742 3125 394 2016 575 945 730 4593 969 2077 1490 4048 487 613 796 1673 2524 2544 851 4399 814 1167 1979 1089 183 3064 1378 2759 2134 1393 4211 488 1437 2033 1872 1461 340 3764 4536 2516 2639 365 2282 2245 4756 3489 1721 4281 543 4713 456 4565 3641 1360 4432 3449 3486 462 4511 2773 4966 2068 115 2582 582 1449 3848 4326 2344 1309 3598 2898 560 3468 4710 1224 4529 149 2014 640 2991 1555 555 874 3470 1395 2047 3488 939 1687 1876 190 306 2155 1440 4591 920 4654 2529 2946 1609 92 3890 2701 2045 2017 606 4304 270 784 2596 557 333 405 636 3054 2701 2264 2274 4824 2656 3971 504 2639 146 1637 3121 4898 2099 4737 147 513 144 3352 1564 2196 1164 4846 1665 3965 4963 708 722 2688 863 2337 674 3834 183 2846 4430 2152 508 514 2916 2450 2926 620 4734 4664 3831 3519 4959 3219 4173 2843 2413 4967 894 2289 4535 2383 272 351 3289 698 711 1621 4974 1797 3978 4375 3014 177 271 3788 424 1646 1302 4862 1033 2824 3660 3795 1245 881 3601 1507 4101 2911 4276 3955 4658 1431 2077 4730 137 2098 1067 2338 2792 1295 4135 433 2159 218 2249 2232 363 1412 2146 1940 4175 4930 1962 2091 2076 778 314 4105 4467 699 4412 4884 1264 1604 2706 4517 209 2176 1493 4000 478 4769 2151 261 644 835 114 3560 1093 394 1010 85 427 1542 1945 4209 3781 1582 418 3821 3760 4083 2776 2156 1841 1399 2007 2735 2626 2301 4379 3159 2107 2658 432 451 4651 2204 370 3682 1463 3098 431 2115 1227 3765 185 1915 943 2198 1463 655 1331 4360 3135 1586 2134 2934 205 2530 1147 3848 4951 2334 3309 1794 4444 2178 5 1742 4586 551 2417 4796 2159 1500 2655 4318 2786 1250 2475 689 219 2494 4477 3369 392 4960 2214 3027 42 2164 1940 2041 3496 2782 205 938 26 2276 4937 3480 464 3087 4850 4382 2163 4065 968 930 2524 4221 2240 1511 2669 116 133 1798 4517 564 2642 3190 712 2254 815 4881 1437 2263 2706 1313 1 4927 87 1459 237 3945 1219 2682 2860 2450 1526 1871 1168 3806 663 1585 3477 3343 2108 2575 541 959 2234 1861 85 1304 450 4215 1960 41 4517 535 1947 2204 201 3565 4505 4518 4 752 344 3255 4864 4264 1620 2787 4728 293 2058 960 1618 245 4632 1905 3597 3874 3555 170 4237 1899 4920 1348 4829 917 2119 763 732 2696 1701 471 2940 502 1001 2128 1159 234 2386 4381 1370 110 2046 799 54 4359 4718 665 3132 1525 4656 4827 1905 869 4701 688 1627 1697 2685 2380 3475 596 3087 666 3323 4078 1590 372 2994 759 4264 1076 1853 2041 2984 3579 681 550 399 3241 494 1804 4446 1372 3358 4606 1287 764 1686 4046 1637 4486 3164 4015 529 3775 4402 552 4159 1108 2594 2357 3656 4096 2931 184 1400 142 4170 4993 3035 2671 3596 3097 2660 1021 907 4901 262 3553 2271 3825 1807 4099 1407 1323 954 3904 4289 386 3899 880 1822 4327 328 1169 2913 3866 806 4214 834 4944 2890 4660 1909 3483 3250 110 3736 1323 2275 4767 1670 1060 4083 3353 4989 3128 1889 1659 3279 1510 3524 3584 2719 2042 3578 3222 2834 1576 1163 4108 624 2667 4756 4720 394 203 4384 4559 3439 55 1340 3854 4730 4934 2497 1737 2566 3884 3696 4154 1533 3779 3889 468 4197 1424 3837 3224 820 1496 1109 3256 1437 2043 1794 4330 2803 728 678 3712 1782 2289 1002 1766 1788 2631 834 2163 2433 825 1798 3 1394 1210 1138 131 2575 1705 3833 111 4951 3740 4037 210 2504 1423 2762 940 1679 1154 964 1496 4637 2529 941 958 1971 2192 2092 4358 831 30 523 1023 2303 2513 4559 2367 1581 2659 2429 2091 4868 4812 4787 4177 3770 3543 949 4036 55 2273 3290 4192 3053 824 3670 2087 432 1352 184 3172 3103 2588 3191 1069 1420 1099 3192 478 4048 2912 787 2804 1235 1446 2416 3414 1515 3916 3548 1307 1986 4574 2688 3736 485 1069 4531 2313 3346 312 3775 1339 2002 666 2026 2199 2464 1229 2526 3961 3520 559 130 697 739 4540 4658 4601 2194 829 2277 2481 3089 2704 2334 1648 2262 4400 3934 836 2378 3430 2975 3948 456 1976 4316 3507 179 705 2263 4663 413 849 3355 4651 3325 4150 1235 1770 2440 1418 4994 4950 2235 1008 693 2336 3352 3570 653 56 3520 1996 4882 1207 3264 2542 2949 2290 2030 3182 788 1786 2014 732 2348 3354 2728 26 3849 3537 2988 3364 1850 1449 3785 2988 2139 4791 1666 1338 762 1108 1019 1458 2502 1211 4866 3933 3109 2348 345 2012 1238 4648 3555 4314 134 926 941 1618 2886 4710 4751 4890 1364 4612 1427 4614 265 4198 4221 4312 1468 1633 4611 4726 1365 1642 4879 1028 1116 3985 4635 2476 963 458 2141 171 337 3527 1515 2534 177 1376 3280 4764 4354 4109 2104 3246 648 4253 976 1876 4507 776 593 1106 142 298 4791 4787 3355 1240 3741 4549 3229 3776 4516 3494 1109 516 2955 3308 74 280 3768 67 2771 1117 3248 938 310 380 3228 3959 519 3647 1285 133 2793 636 1265 3411 1272 4123 4758 2367 3282 1514 2599 4483 1739 2759 861 1406 72 3822 3815 1726 863 548 1621 1676 2725 1515 217 4336 2439 4630 2263 2736 3654 696 2838 1715 2452 4680 807 4763 1124 3472 182 2186 1577 390 4088 3987 2421 3450 3428 677 3478 513 1700 1372 3348 2786 3590 4024 3269 4079 2893 1770 2348 3638 3222 60 4008 928 1032 2496 4897 4569 1235 3428 2809 4514 1980 2372 3048 1268 4488 632 3296 1166 64 632 4082 1672 4099 3422 4377 3848 3034 4787 2181 4973 3000 3812 4187 1851 600 2718 2499 2078 1596 3344 985 4971 443 344 401 2267 4050 2456 3597 3625 470 1458 1049 238 441 170 2729 4530 1868 1267 137 3638 2396 2725 3532 704 704 582 1041 3391 1745 2614 1723 336 3634 311 3304 488 1043 3716 493 515 3777 3313 4048 1204 416 220 358 453 4067 2083 718 2618 2347 1022 3725 4481 3559 2630 3547 3788 2875 2998 702 1227 4508 4913 3101 3395 4570 3597 160 3196 3559 2590 399 4642 4767 1141 4360 217 2561 3874 4341 551 2357 4544 973 1676 2406 1801 3329 3133 4746 4033 4738 1458 4271 951 353 804 3376 4057 2143 4531 2720 2608 1102 2975 3343 4972 199 622 4603 3601 3406 1197 4873 1906 2083 1754 3740 4028 4075 1945 61 1335 174 814 155 4384 1530 419 3077 370 3280 3354 4654 3079 837 4285 3935 370 1172 2739 2404 3990 4529 670 1984 36 1 683 618 3873 1993 2562 1164 1062 4492 1655 417 3636 625 1759 2232 3888 1548 2767 1006 3947 4572 3466 3440 997 3405 3609 3033 1395 3007 2432 417 4175 2198 3167 1583 3359 2507 2974 40 4920 2467 1236 2105 1292 2543 2 1273 969 2220 4075 2754 1549 4883 3839 1698 1599 3628 2312 749 2400 1654 3372 2077 2337 4514 413 1740 3670 4185 3526 3849 692 2243 4391 2754 4631 1402 442 2505 1823 1166 3390 3594 4684 170 540 4884 3000 863 3360 4134 4443 1432 4426 739 1389 2853 2366 3913 687 884 217 3855 3939 4796 3614 4229 2325 3844 728 3944 4434 2092 2256 3782 3545 1442 4360 4886 3262 2504 3305 28 2966 283 4954 4820 3200 951 475 253 2217 138 329 1497 3531 1166 3978 3345 3279 1883 3627 2709 2328 4301 3720 1829 3554 2225 677 466 2067 3773 1898 3528 4801 905 3900 144 3492 3681 2154 3401 2461 3164 100 623 4422 2994 3219 1247 20 57 4261 561 651 2160 2336 4503 993 264 2753 2789 1870 2728 933 4058 1474 4137 327 2710 760 441 3555 4788 3617 1467 355 4722 4340 2518 1113 4566 3076 1581 3404 2204 4019 639 4158 2901 2374 1984 1205 4898 3440 3024 400 3761 1443 570 3421 391 1812 1232 640 4103 3743 4157 1502 4154 4324 4275 3403 4263 1064 1654 4185 1445 1430 2537 1211 3607 3903 791 2305 2239 320 613 1796 3574 2323 14 252 698 1769 4423 4263 2593 1127 3404 1837 2222 3726 1170 106 4018 3367 4158 4316 4500 4126 1254 4790 1460 2646 3775 1909 436 2670 2583 3120 456 4195 3724 2477 1320 1294 676 89 4227 3215 2286 312 1334 2442 1705 4439 3534 2993 492 2165 2762 4426 254 1625 93 1435 7 3224 4754 2891 3318 1110 4624 762 1636 4639 1816 4363 1256 286 2301 4385 3101 2694 1308 1449 3914 1655 4076 2647 2432 3452 4495 731 3601 1018 4161 3956 542 2347 4561 2229 570 1236 621 1496 1206 1404 4155 3265 3028 4686 2830 940 2360 2640 2670 1730 2499 213 2395 4727 2042 4016 370 1447 423 4939 2113 4131 2350 3262 2168 2478 4923 475 2944 3958 802 2018 2713 3063 2919 697 3391 3881 791 3926 3980 349 1158 2840 1804 795 66 2051 2932 1065 3216 2394 652 2271 2150 4537 2295 974 1489 2307 2649 938 3544 4154 3737 2669 1224 1694 2583 3367 570 448 2815 451 4722 3231 1102 1571 928 4171 436 150 4540 1127 4739 3385 2574 4860 1000 3364 2052 644 1815 2158 1232 2300 1419 1004 2769 1486 2263 4254 3089 686 2550 186 3622 1587 2882 3006 1573 3272 4707 1512 2556 2620 358 2176 1542 807 2816 3608 693 4206 1315 3730 4882 1600 1825 3067 3513 4226 310 559 3956 3775 43 1557 3356 1844 759 2444 2623 3444 1049 1806 3254 4320 2820 2508 2350 1305 3618 3442 1554 2680 4740 1997 2495 4014 2888 2170 2248 1727 3397 992 2995 1205 3483 4337 2251 2210 1606 1925 1151 590 3333 3768 2691 714 158 2405 814 3171 1684 3451 4916 4491 2243 4695 2981 4925 491 2169 2830 80 1451 1195 3710 2350 4008 1616 4235 4093 1087 418 3982 1269 3375 2375 3060 4491 4195 124 4198 37 3238 1994 588 4567 2767 4256 2774 1534 2384 233 4715 4108 425 968 2125 3403 4626 4793 532 3172 889 3282 3850 1626 401 1450 3311 379 2244 312 3447 1191 841 2975 4512 1572 2977 41 1984 2233 959 1305 2959 138 63 342 2408 3979 2985 3045 4038 1097 957 3877 477 3461 3272 2593 4070 3538 3712 1777 4255 3809 4997 4147 2698 2906 1097 569 4405 3926 1553 4178 4914 3235 596 205 3480 3280 4675 2162 1641 1018 2258 4188 2797 390 2727 4021 488 3399 728 1328 999 4650 3081 1037 3985 2472 1374 4592 4115 245 3606 2651 1300 2199 3817 1677 707 3392 1627 2411 1365 360 89 894 3964 1684 1907 3421 548 899 1443 4396 2808 2827 2646 1949 2812 680 1312 1718 3340 3333 3965 2140 2901 4566 2541 2807 3674 988 3711 3437 1299 1978 1929 2603 3577 1737 4135 97 1140 711 570 3342 4720 877 2579 4572 3685 1136 2209 4556 4055 4295 1887 2533 1638 4375 2305 802 3414 628 440 2130 665 3002 2355 388 2683 2291 2369 1129 3143 1241 541 2988 3761 381 3017 3296 4475 1721 1382 4338 1915 3284 1267 871 1189 4404 740 4798 709 4760 3197 1993 448 2062 3663 1176 2084 4675 3673 1910 1341 4633 347 4552 1169 1350 2664 4668 3118 1819 1642 4758 1794 1105 642 3665 4140 1699 967 860 4489 416 1310 3770 2769 4295 2476 4895 3491 1409 825 1143 582 1769 2773 1713 2402 3375 2631 2469 382 4013 2355 1442 547 921 1491 1275 2601 1509 1594 283 1201 2515 981 4822 2578 269 907 2865 3368 1828 3470 309 3546 567 554 2312 3827 1167 1974 1565 2635 2928 3913 1405 3710 1011 1631 4606 4822 2818 3324 2451 973 562 3048 2516 4893 360 4323 1103 1859 3158 3130 4735 745 4381 1291 1116 2099 95 1086 2363 1309 4157 4965 4664 1571 4774 1821 105 4113 4417 4581 2516 3148 2485 3527 2532 3097 3143 2421 2552 1092 2205 4269 2525 1059 3065 2536 2589 4788 2343 3839 815 3972 4794 2415 2089 330 731 4695 300 1620 2764 351 4255 4056 796 2539 4399 2869 3700 384 4317 4643 1434 455 2327 2896 3515 632 2588 909 751 4904 4490 4953 135 262 4787 940 4754 290 496 4086 1353 1103 1139 936 2591 3147 2651 3259 3613 4421 964 2537 2893 3198 1638 3569 829 3483 4968 1998 4974 2434 427 2482 2518 4690 251 799 603 3288 4308 3318 2417 3336 3569 780 1157 289 139 1146 3203 1763 687 2316 2053 885 729 4916 3837 1714 4441 2735 3094 916 4515 4856 781 1213 3443 988 2157 3545 1432 1726 4156 2872 1640 2028 3832 4074 252 3474 1526 667 2446 1901 3436 1538 416 2146 645 2509 3183 2552 2773 551 3184 2668 4198 3597 3482 2340 114 21 2108 4549 1809 487 1840 2336 3606 3720 3000 555 1373 3181 3288 1733 4448 590 4828 3300 2555 1307 299 2330 4564 643 3948 3180 1311 1634 1416 4901 3592 2386 1585 2627 1050 1286 889 3577 3592 3619 630 2765 2042 4608 3261 1466 3154 3648 4172 1480 680 4573 1820 4931 1371 135 2095 2650 4936 3909 222 4632 1832 1651 4494 4632 1821 861 1900 1301 1485 571 3703 3312 4331 3509 1037 3902 2202 425 1432 928 1563 2562 706 4132 1217 915 3455 1236 3859 4493 2571 2246 890 1230 2708 1532 571 827 4912 813 639 1014 3858 1004 9 2771 2753 2127 1592 3040 673 2643 3254 1019 1846 693 4480 1745 2710 1396 63 4019 295 2670 2477 2483 4177 3200 2484 2129 4661 3330 3988 1031 511 2481 2348 235 3703 143 1979 3790 966 4296 3071 16 4823 127 2190 1022 4548 3953 3107 1375 2691 1743 659 3108 168 1266 1480 2894 2812 2586 2358 1340 4694 2216 3356 3068 1650 1700 3605 4610 231 321 1535 4576 3382 1088 2732 4557 2503 4795 2984 3704 446 2827 154 1510 2486 4035 2447 1115 2956 999 1690 2838 1912 279 1544 4463 743 1464 4596 4309 1933 4053 1206 1819 3193 1986 1306 2796 2889 4873 1190 1943 1176 193 1963 204 3485 1572 80 4735 613 2431 2515 1060 1516 1807 4162 332 4832 1082 433 4103 2847 588 76 1587 4626 2675 2072 3595 329 4045 2957 819 2193 2865 1046 1339 1596 75 1740 491 464 2732 1016 3414 3402 2537 4424 914 4692 4186 1716 383 293 3926 945 2509 2208 4997 3237 4987 2760 1694 556 3317 3274 1315 1947 14 3027 274 1827 4447 2420 4196 3496 254 3547 1035 355 4706 3028 3088 4700 3645 2135 3131 4812 4244 164 1703 3130 1340 892 36 3925 677 50 4695 3793 3195 2835 4567 3477 4850 2249 1105 844 3266 702 1471 4875 1227 4471 2084 4691 99 2318 4563 4182 237 2413 297 3504 4965 4288 2423 574 2930 3386 4677 1370 2490 1083 2116 1330 2044 1488 882 4069 2618 1931 307 1247 486 3349 1382 415 4518 2561 1254 295 4427 1499 1962 156 46 2513 2272 2912 1132 3305 1077 4580 4684 1147 447 457 1862 4760 1775 4832 4815 2611 145 400 2354 3150 1478 185 2393 2897 228 3127 4540 199 404 1777 3713 1753 2525 3690 2364 4527 3463 2912 665 251 2690 1275 1160 4689 1872 1616 3768 893 880 303 1120 1523 3244 2433 1082 2204 4646 1926 4328 447 2470 2710 4427 431 567 1094 1962 932 619 3742 4264 628 1500 1328 586 3059 4549 1323 799 1545 776 2122 3168 4115 2841 1247 353 4372 3266 1907 801 1110 1992 1882 3599 819 543 2042 1821 1097 10 2333 1186 2822 1205 736 4042 3047 4630 4907 4633 1575 3161 1833 369 2431 107 2530 1847 3833 2145 4792 292 745 2019 574 2275 2966 2195 2728 1558 2757 1082 767 2310 3455 2893 587 1459 828 3387 4510 3640 4072 4195 310 1155 437 3563 75 148 3865 2940 1035 4091 4306 2581 2954 3375 2999 3636 3078 117 1112 268 4546 2621 1929 1020 704 1555 3435 1308 1325 828 435 3406 3768 1679 1799 4250 2795 1711 526 673 2061 46 1976 1855 3310 2764 4822 275 3989 4696 4987 2145 991 2279 955 2874 4649 1307 363 330 4967 1613 377 2618 1086 2421 3805 1350 4719 2633 3184 4898 1333 4797 2563 3305 1050 410 1188 3119 3396 2986 1205 3807 3078 3851 1557 1343 252 3714 3572 2139 4638 1049 3617 4255 3185 1580 3973 4337 2234 1417 4517 1302 517 2703 108 1308 2933 1456 4856 3775 2437 4233 2446 1032 3366 1777 3072 4379 778 2800 3646 1568 4656 1603 4259 4109 1953 1685 3985 826 2379 3976 2751 636 3315 4684 42 2222 840 687 2434 1149 982 3710 4391 3811 73 674 2611 534 2066 3615 866 970 2231 377 3111 2500 781 3520 2448 416 1241 3093 4422 1486 3864 2685 2493 3856 4540 2526 2771 3048 944 2712 1343 1888 997 2030 3367 1193 390 4996 207 1911 4152 1884 3134 3117 1799 588 2667 4693 1101 4497 1608 267 3340 4674 2286 467 3382 1574 4098 1808 2435 792 70 382 1827 2508 1842 570 756 4042 3573 1337 102 275 2295 246 869 1257 4337 3920 1055 3020 4703 1763 3887 1874 2868 1062 4609 1534 4655 365 2071 3525 4269 2471 603 645 4550 3483 214 1103 4261 2014 2648 2110 1338 1008 360 3848 2386 2577 3087 901 4642 822 1385 1534 2919 560 2812 4055 994 4487 2971 2512 4026 1706 485 2384 2387 2042 1778 3091 3029 4856 1173 3591 392 2052 4144 3241 3135 2128 1533 2789 1210 2356 3753 2461 3048 3635 3238 2657 2980 3310 4225 912 1896 1927 2520 3846 2951 2265 4432 2407 336 2222 718 556 4056 1697 4293 2571 4830 2717 3616 3507 1429 4645 4344 3952 3022 1406 2952 3267 1020 3266 4191 4606 124 118 4573 2487 996 1926 1434 779 3027 3992 3676 4021 778 558 4919 999 3186 3704 1681 1448 1173 3801 3550 3558 1769 4209 4674 3686 1067 1387 2198 1034 4584 247 701 1474 746 2707 2542 4886 416 958 2556 1875 4551 1549 3333 4244 304 1433 2656 1251 1858 3768 2195 3160 1218 1060 3476 2425 2919 305 4078 891 1379 1034 4006 3080 807 815 718 2969 438 896 2761 4413 446 4253 3888 2979 2986 3696 4125 1125 3211 3555 911 126 1383 2959 1781 4333 1386 4948 4398 898 773 4344 3248 2520 2029 826 960 2059 1262 262 4273 1573 3543 14 4136 4972 4959 4734 3256 4453 2736 3304 1297 615 283 122 4903 1665 2356 4149 1464 1566 4959 4559 2309 1347 1339 2915 1469 4677 751 3032 2198 3464 2770 1311 3133 710 4647 769 2872 4796 1785 2689 923 1276 91 1981 3272 1854 28 3498 2850 1664 288 1976 1883 1824 3978 2324 1948 2135 
2625 4094 4526 4304 4832 2922 3671 2241 1867 1706 2615 4818 1719 2516 4395 316 4913 4416 4673 1972 1378 4725 4333 3215 3345 3876 1627 320 729 4356 3607 4000 836 2552 4370 1253 4744 222 2813 2102 3898 2202 11 126 2745 3123 1754 4200 3012 4755 2010 3730 1694 4620 3729 2572 2104 1753 4710 610 2920 451 1388 1400 1265 4494 4425 3343 835 1955 3592 2157 2180 3359 3245 2665 615 1516 2847 415 116 2310 1074 712 2344 3345 4285 1039 1471 1321 489 1647 727 4346 1740 3721 3951 2457 277 2012 1976 4162 545 4221 2850 2195 84 90 1090 3697 2956 242 3346 610 2243 2216 241 587 4059 2015 1045 1970 2911 1487 1567 375 2079 832 1398 2655 396 3343 351 3481 1405 2207 1203 1013 2882 1930 4313 4568 1631 3216 2285 1861 1011 1639 73 2169 4305 1620 1819 78 3806 1129 1703 707 1325 1936 4735 3825 72 822 4224 4385 3719 2747 4999 260 181 2353 2668 4099 2697 4898 3445 257 1299 2024 2606 3981 16 4767 2784 1236 4592 3446 712 878 4901 1718 321 616 3014 2577 4100 1946 998 3496 623 2906 4575 702 4619 2321 2642 4104 2499 1436 3307 4353 1922 2510 3224 2392 1556 2484 107 3181 944 953 4201 3661 3676 2426 2521 1378 2098 3533 4953 1438 4690 598 4309 425 1943 4866 530 3977 4278 792 3427 3714 2644 2076 1393 1455 448 78 4240 3559 833 2130 4887 2267 2249 2337 2008 166 346 416 4337 1278 2976 3664 4986 147 4191 734 857 382 1614 4091 4866 2604 2709 4295 1258 2706 3699 1722 1534 3603 3819 2907 824 2528 2647 2644 10 1528 2589 629 4406 3744 417 2720 93 900 4764 1221 2390 2974 3196 159 1489 926 2828 4687 3829 4620 4709 4872 1655 3050 2724 146 148 997 1710 4859 184 2685 2042 1106 848 3891 2182 3758 2701 3355 4837 3223 2634 2434 2943 3731 3977 3762 4793 1068 544 4995 2110 2896 4385 4044 4846 3545 266 3018 2671 4709 3539 2736 4073 3313 1390 3960 2062 290 3772 57 1130 1468 597 466 1167 991 4199 4757 3708 4086 2116 2119 3159 1146 4093 64 4096 2863 1252 3886 689 4372 1736 1487 755 4849 266 1054 3546 2276 4384 4261 1443 1285 719 4797 2877 107 3078 1042 222 2757 761 842 2575 1422 803 2534 4395 3459 2984 994 2852 239 1026 82 775 609 2138 2766 4816 1124 737 2792 1889 296 2784 4179 2775 3463 4421 1614 526 626 2430 1497 2007 2508 4123 2520 3510 1295 1311 4989 3712 686 7 2610 1133 3859 3711 2176 987 2459 3617 3186 3587 30 4239 621 4728 4891 2691 2348 1892 139 4045 3215 2261 4636 4317 3491 1985 2394 817 4240 4214 1 2937 2263 1605 158 425 3923 1328 3887 4463 4850 1505 3776 4037 2691 1757 4671 1401 2058 4369 1042 1796 3377 1075 4487 1232 3562 3677 612 358 1979 2229 2224 4190 2944 2512 1202 1455 1439 4809 3929 2066 1832 1156 3724 402 2212 2120 2835 2487 3664 4084 3677 612 930 881 3491 4837 483 753 405 1989 3621 3094 2844 4959 4894 3021 983 4715 3646 4557 858 339 3357 3595 1596 2526 1497 2696 3095 237 263 4941 1222 1389 2536 3805 1226 220 1646 925 4597 2039 3910 1303 3795 2091 3528 2309 4093 4619 485 3932 1624 546 521 3190 246 1105 2185 597 3380 3523 4591 4693 1915 1527 4187 3369 2554 3125 2388 2449 4 573 3615 3282 1766 324 1671 3399 724 2088 695 2151 701 4607 1828 2622 4828 2803 4173 4328 3064 2408 1791 3331 2366 465 4596 557 485 1112 4381 2430 650 1388 1760 2383 1590 3440 1251 2091 3365 3474 4033 893 703 1257 3188 2882 3861 3555 613 4320 1276 469 3880 231 4246 308 1803 2743 2778 1860 8 211 1784 2023 624 1653 3385 1417 4907 4729 638 2705 750 4302 1232 4890 2388 4970 3160 3034 3448 3469 289 3011 3049 2010 2594 2968 2103 2001 3640 938 2989 4520 2556 1517 4048 532 417 3812 4383 4274 1232 4140 3188 146 1103 2248 154 3735 1911 4648 2878 3832 2661 1615 1131 1363 4748 789 4513 2866 3729 1803 4990 3558 4951 413 4128 924 700 2540 1601 3157 3900 3645 875 890 3348 2428 1318 2336 4897 541 2897 1624 1866 1292 2365 4298 1411 923 144 3499 3452 1956 2313 2140 3250 224 3983 4429 3700 4632 2582 2658 760 1354 436 1461 2447 2950 3121 3941 4198 4360 3518 2757 3359 1633 2864 2367 3351 3186 3365 4523 1361 96 902 2858 99 1734 2757 1272 3095 543 4065 138 3998 3372 3983 412 2096 2613 211 566 2494 3491 3016 608 1275 117 3916 2667 4168 2737 1799 3490 1296 4502 4110 1617 980 1159 619 4141 4015 2010 4119 196 4164 4538 2419 3758 207 1411 4643 2540 297 4052 685 2176 1736 3809 1448 3373 830 1865 1327 2112 3009 805 4392 2632 1971 2291 3761 2650 803 4194 3763 1816 1340 3430 4369 2211 1140 1686 3114 2430 4255 3668 4613 4157 2309 3197 3261 3206 370 434 2157 1798 468 2526 2685 663 3682 1585 4398 3345 2019 4604 883 3455 2277 662 3320 107 1239 2599 4191 4421 9 1467 3913 711 314 2817 2330 1429 4882 4276 2216 883 1857 3305 1261 1015 3392 2538 771 2465 439 3643 775 2416 4950 2284 2713 4783 3296 4502 1619 3239 4869 2545 3185 4623 3983 3396 1808 618 2599 2958 3761 2400 4577 4134 4799 71 141 2382 4375 4875 287 3526 1144 2083 4545 3614 4780 4430 1551 1794 1550 4158 3444 733 3588 1140 764 4712 1182 4429 4049 2554 3999 3004 242 1124 3156 4759 4104 2085 3267 3438 2771 4892 4334 3081 2469 1476 2776 2473 4461 69 4775 762 3175 1368 2306 207 2857 2195 117 3759 361 2334 2235 2351 4149 3277 291 2552 2755 3583 3758 2410 11 2966 4560 2648 1802 896 1517 4262 4696 1197 3959 4409 2100 4058 4781 3159 606 1398 3453 3887 3261 1379 492 3721 1347 4175 3109 2000 1933 3619 2649 743 1647 3092 1751 3035 152 1704 773 1543 1914 1011 1941 309 1093 1611 2474 1028 4643 2457 133 2333 1775 1969 2355 2859 562 3059 386 4433 311 1603 3836 3782 3232 3502 2170 2567 1263 4166 4637 1292 4449 1623 1201 1446 3856 3339 108 1774 3745 3931 4277 2698 1062 120 1896 4668 2508 3753 3305 4491 1623 3981 1166 4334 68 2011 4490 654 1175 48 3232 1339 4855 3569 3861 1882 4695 58 4497 286 4206 662 4647 4661 3577 3887 2514 3748 1575 200 2690 2893 206 938 48 4903 1140 4324 327 3943 3760 391 4395 286 4898 2504 4983 691 2977 1319 1873 3379 467 4216 4640 2910 2378 1759 2561 1627 1909 4234 1774 3135 996 3626 1913 1618 4649 1266 400 2930 1259 2202 3065 357 2796 3134 3199 1328 3669 2643 1101 2565 1721 4674 2835 981 1120 4265 1951 1762 1333 37 3429 2025 1761 236 1450 838 777 1011 2837 3656 3742 1227 1896 702 1516 4121 622 3954 2341 3822 3229 1285 4142 3308 4677 2419 3523 2898 2153 4001 1887 4146 2934 1916 2566 4393 4906 3083 1158 4623 944 472 1346 2480 2336 2939 2170 946 700 880 4088 1152 1400 4370 4820 3206 3025 4615 1138 2893 4594 3422 4826 1521 2442 4007 1841 4530 4018 802 1102 520 4358 1042 4808 4178 1859 75 1158 1441 4824 3890 678 4128 3711 1884 2826 879 2605 2738 1655 3753 24 2035 624 1170 2049 4506 1388 1741 3778 3370 3443 2236 3434 3039 4926 3809 3958 2583 3024 1861 3490 1385 639 1520 2585 284 1447 1888 3857 267 4522 3181 4683 3239 3968 2756 3722 166 4765 4698 1273 2091 1924 3429 2625 3518 3638 365 3155 2326 2064 280 140 1771 3635 830 3703 721 421 2450 3559 1762 321 3154 1372 131 3226 1065 4069 2122 4438 2507 776 198 4505 105 4334 4007 2407 1038 2226 1400 4022 2656 83 2306 4394 3299 3768 1275 931 1666 1428 4559 2469 2152 3379 501 3751 3231 2107 3214 2934 3543 3654 3385 3898 3928 63 2651 1064 2291 507 525 1090 2302 3274 790 477 1671 509 4186 1681 3227 3523 1539 2214 1855 15 1304 109 3743 4260 667 2844 2149 1764 3743 3727 3380 4260 2601 43 4325 2820 118 212 418 2607 30 2274 2425 2678 1927 4519 940 4377 1661 868 983 4920 4185 1085 2745 1591 1712 130 4174 753 2517 4600 2596 2710 857 2071 3844 16 3058 1476 556 2314 2218 3546 779 2282 2825 3277 3732 4865 2198 3112 1455 1688 4954 1375 2732 4805 4661 3047 1970 1758 3957 1341 3063 4141 2196 3244 3520 2269 849 2491 1923 1804 1786 3118 683 122 3209 1003 3420 1033 428 1456 1696 469 4114 3196 786 2013 602 3755 1624 2474 3166 2454 1390 1920 4704 4722 2529 4708 2996 4543 8 3429 1479 2644 3130 3021 798 2729 1404 1337 3017 710 4402 4671 1329 2442 2409 968 1704 1174 730 3854 3249 3963 4305 1824 4784 3265 3782 1252 4858 906 2028 340 2888 1614 1776 1596 240 4400 4204 3338 1101 4584 469 4263 3728 1995 458 1829 1214 2592 2310 642 3164 36 888 1500 1609 1233 4464 149 4259 1298 3708 1938 2613 2346 85 4182 879 3942 1764 4772 1894 1320 65 4700 2598 3413 4605 2165 1853 3665 1965 837 2105 2362 338 1005 973 514 4959 1833 952 1889 4739 3958 3335 3298 2488 676 1220 3500 307 3550 1462 4756 4325 231 3387 242 2945 1416 724 4577 727 696 656 771 2512 571 907 4668 4923 3830 4384 829 1088 2313 3277 2453 2155 4765 2230 4435 4482 4457 876 4334 3659 592 4008 2472 928 4197 2707 3881 1668 802 2399 384 1851 2301 523 1247 4980 1924 3163 488 4914 4786 1743 3394 988 2859 3501 4553 1290 4148 4521 2325 4441 2614 1532 4313 4120 4765 3226 2959 3292 4460 4008 4466 2377 2939 14 2244 26 2388 2826 4145 2962 4338 277 3075 2932 2923 2626 880 616 2224 92 1065 4552 314 4959 4188 2674 1479 3786 3796 1142 3765 2387 1031 4306 1639 1811 873 924 3054 836 2600 4328 1337 4808 2975 2363 3951 3052 1886 4167 156 829 1258 2839 2035 217 1969 166 1180 3666 673 4499 4606 1366 4545 4672 2726 2730 4792 43 9 4353 2565 996 2486 1271 2942 160 959 1227 3029 2070 1825 3821 1440 192 4914 699 4512 4756 2043 3226 4004 1379 3359 1707 3687 625 4635 4060 647 719 901 4697 3272 2838 2970 3915 1192 4245 4450 2224 1212 4036 751 626 211 2929 3807 1188 2353 1955 2421 3371 1503 766 191 3330 3585 2207 971 1472 1760 3328 1099 2885 2097 1541 2076 299 469 2968 4257 3578 4786 2666 629 4958 1771 2179 2361 1165 780 2932 306 548 1480 3683 1295 849 3582 1808 2217 646 977 1445 2531 4628 1168 1682 3733 1295 4653 1722 2932 1985 1857 144 4260 1 3152 2270 784 1501 993 1208 1097 4517 2849 2124 1654 810 2240 1940 4563 575 1748 152 2613 1495 1829 725 4276 2783 2153 1331 2354 1069 4208 1542 2387 2786 4218 1266 2005 1068 1176 4885 4299 3351 1817 4047 1740 4452 2334 237 1 1330 3120 1031 3088 3589 4104 1254 218 2260 2511 194 2123 1919 71 4819 4859 889 434 3735 2744 130 1497 2723 2895 3432 3496 1685 819 1640 856 4450 1772 223 4205 1635 3420 4102 1 2669 4942 4997 3104 4377 1168 2014 4662 2521 1699 198 2326 3516 744 344 3037 1372 1206 3923 4758 1006 4177 236 710 2450 1684 1183 2483 1556 4634 1458 2977 25 1473 4578 3605 1982 3369 763 2413 2310 2572 2146 1559 2650 310 1365 1626 3758 959 61 843 4482 3126 4499 2320 1694 2256 1449 4962 817 1010 3242 702 3500 243 132 2588 2082 4701 2269 1436 4739 2318 1476 3790 4681 3466 4241 4545 4539 1291 400 359 3320 2235 610 2559 294 2345 501 2554 948 2851 3965 2833 3388 4091 1330 391 253 1629 3100 4596 480 2112 1244 4113 4657 1026 1949 3291 4649 977 3499 4210 1930 4864 4451 4745 1482 1518 4435 3467 3283 1486 2835 4939 4570 498 1692 716 3575 1640 2912 3435 2020 3842 4515 2154 1362 4833 2160 3039 680 3970 1767 1132 4526 396 1061 3647 3073 3448 2124 1509 4055 4266 989 2339 2581 4351 2515 637 2327 3247 4898 1482 3041 1269 3736 368 4547 517 1706 1484 4346 3326 922 461 1293 4240 2944 1018 772 1983 751 3320 4304 4568 954 4032 311 179 2870 4521 3831 3754 337 946 1269 2793 3595 2346 1006 1431 2116 4468 1941 44 1694 4901 614 59 1229 2824 404 2842 812 604 1038 4559 2722 1540 230 4381 1213 2335 1373 952 3509 1017 2857 4222 2629 674 729 790 4077 2582 3187 4229 891 1684 683 310 2275 3715 2911 1921 580 1202 2768 1896 981 1758 1004 4070 2705 4113 1978 4193 87 105 3541 3770 1612 143 2981 1227 741 633 4618 1160 1400 3643 658 704 1602 3089 3821 4222 2174 248 1743 259 4580 1334 343 2694 4657 1022 4173 1087 4902 296 4177 1528 3475 1769 2993 237 1653 4879 659 3526 3885 1976 668 746 3891 4028 4320 454 2723 711 1180 423 3759 1667 1615 1644 1621 3758 224 2495 786 3432 740 2758 2847 3240 2503 3037 1051 3023 853 886 4554 717 113 964 4053 3826 174 436 433 1696 1333 2580 1756 2303 2774 1417 1461 1385 1665 844 1428 2800 2095 2364 3746 1772 1981 3634 2874 1985 2098 209 696 3424 2129 141 2856 3997 577 3621 4594 4066 3426 4020 437 2537 2426 452 3122 3567 3234 1812 747 2600 3923 4892 195 181 1172 2061 2447 669 1408 3103 142 331 820 3085 1837 268 3767 2412 4501 2588 4653 2516 4129 346 1533 4062 1091 2264 1169 2103 4055 87 3093 2291 2298 4651 3020 4374 332 4427 1456 1351 4036 661 2329 1166 618 4815 3640 1079 531 1560 4244 2407 1320 688 3405 2198 3169 2805 3215 1678 1360 127 2760 1155 168 3663 1973 2652 2944 2292 1730 1377 4066 3077 3234 701 1826 1798 4214 3534 835 1949 4632 1283 2427 2740 4243 4989 2162 580 851 2057 2367 639 2267 2716 1068 1295 3983 4464 2467 814 1838 3711 233 237 4917 2877 2242 1289 4088 1098 181 946 2521 2224 329 2126 4830 2203 264 1582 4295 247 939 4919 541 1150 1199 4460 1505 4473 1942 226 2044 2358 3080 3700 4194 1060 44 3648 285 4731 578 2417 583 2639 1531 919 4376 3247 1907 2404 2497 4816 101 3783 3863 1968 1143 671 2429 2296 4640 4440 4963 2129 1464 4554 2155 714 3639 4611 3878 2800 2881 2521 762 3192 2767 941 1671 2169 2601 1932 1450 2054 3108 4496 1937 1394 2030 2502 2217 4108 2458 4889 2796 4077 2552 23 1391 24 595 2434 4363 3850 722 3018 969 34 4399 4929 92 426 3404 2424 4810 2574 1840 3000 747 4221 2764 3131 1765 4878 2522 1683 3399 2829 4056 2395 461 3734 409 1822 820 4992 1045 3500 2854 1414 4787 2604 4207 1882 1452 3966 3809 251 3409 2760 2469 1489 3327 1332 1243 2294 1122 1384 4748 951 4768 1790 4430 2611 4504 3925 216 4587 4107 4160 2335 2763 913 669 2632 2808 3887 1712 2342 2211 3552 385 1630 37 1481 947 1786 603 3705 2535 1635 652 721 1160 4330 143 3465 4112 1872 4563 3475 2484 1301 1610 4459 1739 1870 3581 2239 1949 1346 1606 1004 2233 2344 2418 1602 1415 1033 77 952 2895 43 3779 2330 1826 1001 1916 3106 1968 229 4791 3262 4329 375 3738 1801 952 4083 2521 4739 2724 494 917 2589 3881 4377 823 304 4472 3129 4245 4398 3906 5 4588 20 2402 178 1232 637 1291 4845 4783 3122 1151 2223 420 705 1587 3245 2051 1236 3223 3192 4808 3668 4586 4849 4317 2517 2989 3186 427 3579 3991 4978 1977 2525 4873 2943 723 194 2331 3168 925 1025 1703 4939 2256 4173 1675 3989 307 2657 997 1584 38 2688 587 3234 2139 2016 2672 588 1431 2192 790 231 4479 1895 3520 3038 206 607 4550 4464 2542 1019 335 892 2565 3828 3466 2763 1762 4402 2590 4320 3856 561 4571 1891 3170 354 4288 686 2159 2556 3391 4463 809 722 3757 712 2128 4870 3862 1419 3069 4926 4769 1186 1227 3759 2887 4438 3832 3488 1218 1550 4533 664 1212 531 930 4625 1437 337 4702 2759 98 417 4317 2676 3298 1021 1123 3438 930 1307 1111 116 19 661 1380 4981 618 3472 268 241 161 3860 1902 2228 3861 1755 1346 240 3320 134 474 1745 2895 1492 2459 4207 3222 3916 1148 392 2330 3750 4919 2805 1703 3429 2717 2670 1019 2207 1071 4999 4995 2176 1282 2485 2854 515 4987 3684 4735 2171 1915 3691 4054 1745 1172 2307 1904 4159 1653 2811 1622 1796 147 4215 3268 4569 4889 4466 435 2572 2040 4178 4665 4554 1250 59 4975 1883 4828 4223 547 4512 1955 1932 1223 1512 2728 2814 3858 2476 3646 1399 1582 2543 2091 1652 993 2898 4638 2170 1120 4383 1920 2505 1481 1628 2478 3271 1224 1050 3486 4432 684 1727 2847 3965 4570 2321 1806 2114 3123 3868 1391 1557 1434 4278 688 731 4528 968 1428 3973 83 343 4095 252 4516 2765 53 2368 4049 562 984 2431 3979 4886 4570 4748 2944 2515 495 1598 4875 3767 4638 3379 2386 1568 514 2613 816 3371 1284 1067 1316 2742 2124 1003 1747 4996 1696 3991 650 849 1987 189 3790 3799 889 635 4407 3864 3290 4275 4354 4645 238 3355 1558 2942 1856 4001 2401 131 3486 1037 4724 1754 1439 3887 3444 698 2846 10 4139 2464 3567 1913 4078 2008 2135 3210 1240 2182 4328 928 2400 2709 4989 3205 3590 3208 803 4911 4659 3311 3337 1162 2193 4908 4346 1343 3249 447 2200 4228 4612 543 4667 659 1636 4562 818 2679 4940 1710 2385 2885 2149 136 19 1040 4034 3366 1922 3671 1334 944 2166 2346 2061 4852 1090 1355 2096 3019 13 4066 1381 3109 2175 2796 1623 2476 2082 3948 3449 1272 876 2554 2873 1142 1946 4132 3195 1231 1654 1922 698 4798 92 1262 4646 4354 1562 2988 4291 4765 4798 4950 207 3844 4852 2467 3726 1040 1024 4385 3929 348 3393 2888 1140 3143 1175 2753 55 2508 3311 1311 4392 3145 2724 437 3950 1302 2520 849 4201 4702 1091 927 1064 2706 3330 2128 1539 1508 3764 516 2755 2465 3169 2382 4654 2291 1373 800 583 3022 3148 2871 2422 2993 4461 4863 3724 1471 3668 2322 4562 1119 2219 3509 378 848 1184 2548 3181 1641 749 263 518 4576 844 2844 2880 1778 2761 1864 2196 947 1525 4872 1557 621 728 4229 3632 2454 1047 871 405 4341 1998 3369 1555 1774 3863 38 140 2935 2380 4009 4260 3753 3393 4395 1952 2995 1054 3697 3756 2347 1748 1668 238 2743 741 1846 3089 2499 1408 1041 132 4595 3037 874 2221 3572 1991 4222 3968 1158 3384 1835 2468 1652 4041 466 2535 1071 2986 1516 1113 2872 1222 387 3663 877 4203 4026 193 4974 3377 2383 2206 2448 4504 552 3678 4985 295 804 4585 277 1746 2980 3382 2817 4580 4498 894 3174 4085 4696 1562 1592 2534 2003 402 1976 4611 2937 2791 2830 2447 530 3459 3363 518 4396 1448 2110 1447 497 4207 2998 1473 3612 3922 1911 4745 1545 1123 2440 3136 4541 1615 1629 673 3038 2389 32 1484 3748 1875 1909 4292 3889 251 2613 1760 3020 802 3396 2224 92 1186 1831 4830 4059 224 3184 1144 4441 688 205 2715 2051 1999 1757 4738 556 1090 2772 2599 250 1493 937 4760 2484 79 4206 2702 2275 156 177 2346 1926 3402 4721 641 4882 2640 1538 2794 1561 1580 2612 3653 2387 2660 3640 1767 4395 1335 1126 59 3700 3302 459 1035 3579 501 350 1071 2166 3214 3909 3404 4413 2103 1116 449 264 2970 1998 3351 2362 4159 1774 575 404 4453 760 672 1013 790 3060 3153 4513 1476 4443 476 519 2446 3061 2851 4631 1824 3402 1631 979 4138 4199 2895 4622 2231 1404 1646 4075 2152 771 1360 119 3522 4484 2774 1873 2718 2511 1032 2801 4408 1441 3387 2727 4138 2018 2819 3533 4818 2582 3435 1664 1417 4196 1570 995 1189 2787 1152 12 3817 4723 4913 2475 1923 1835 1801 4520 2679 2151 569 2836 1938 2356 3641 1867 1634 4479 1775 2433 244 498 4863 3747 3685 1761 1627 4887 989 3229 4444 4030 777 4182 3930 3648 3160 3886 1120 2041 4601 1691 4660 1355 2587 1517 3054 3988 2124 362 1542 1281 3134 4086 3835 1124 3519 4055 4241 1498 832 464 2043 527 2488 4507 4362 670 3258 133 972 836 2476 3509 4992 3717 2393 2301 849 145 2330 4396 4969 2496 4432 2098 3448 2699 4629 278 1613 2421 292 4581 1876 4986 3470 1492 953 3574 1383 4656 2308 81 1432 2555 4278 514 3310 1506 355 1938 2338 1740 3159 3187 2067 3942 1438 3456 2489 61 4199 1175 1467 3556 976 3428 4379 199 1168 3247 1456 1654 4649 2801 1125 1446 3485 4267 4272 516 611 2048 2838 4596 1009 1324 949 4145 716 1156 3706 2310 1246 1512 131 4948 4319 2423 3168 2197 4567 809 1614 984 3227 2027 1811 2606 2374 1119 665 3605 4762 1466 1813 1130 1671 642 1903 4589 2763 2407 2719 4663 258 808 1814 4207 984 4082 619 21 1197 1541 903 4319 145 2408 2115 3891 3960 2446 4856 2395 591 3960 615 1015 4856 3501 506 40 306 1591 1802 1265 4765 1136 187 1899 228 2133 885 2713 2131 418 3661 1217 4915 3598 2955 2964 52 1553 660 863 1059 1611 659 2659 765 1958 1548 2082 178 1406 3290 2228 4852 4264 3674 945 946 4777 414 3047 4465 4344 4598 1358 1690 799 852 690 3482 3134 575 1409 3766 345 3963 974 621 4996 2967 725 1082 91 2887 1936 1098 1118 4915 4921 2211 4061 1791 305 1318 1616 948 4544 4262 3059 2927 3902 2569 2120 4616 481 951 565 374 4072 2208 3527 754 560 1899 1967 4129 2972 2333 2324 765 1451 2198 3113 2126 2501 1834 761 1389 2925 1598 2200 3594 2005 4962 4828 1479 183 2262 2052 2572 4872 1032 392 1276 1834 3917 4129 2848 4962 1717 433 3994 1582 4260 2302 1901 1387 3414 1699 1051 1543 4539 1128 1175 4306 1028 4508 1308 2738 4757 1832 3837 1727 1387 3125 3423 3844 3063 1985 3244 3496 2899 4390 4889 3716 3621 3611 2195 2453 2786 4047 2045 2788 4101 2755 749 4916 2696 1871 3463 2723 2361 1312 282 29 1897 1193 2530 2078 2138 2023 2885 2903 551 3369 2419 1371 3448 1800 4151 457 4397 4348 163 4172 3171 1071 1299 3914 149 4022 4288 2602 4181 3604 313 3370 3371 2681 2613 3840 4653 740 3868 1783 368 709 4766 420 1013 2174 1747 3361 1488 1074 413 3329 4277 3918 1339 117 4596 2759 1576 1655 1191 3973 4011 4614 3713 1447 2440 2089 2689 3479 3887 4167 1838 1671 1563 4622 3766 1116 4558 1163 554 2393 2555 242 2892 3607 2748 1613 1036 1812 2333 354 4543 4922 2680 360 3546 4970 4459 1603 4037 1128 4007 3897 2707 681 2194 91 3792 2786 4992 4832 4652 2866 2261 550 3592 1835 238 1922 2726 1837 2248 3218 2262 2268 2065 3178 54 2659 334 580 594 120 2589 779 1741 2394 4724 3057 2822 192 3289 1303 2326 1748 2187 1710 3360 2537 1353 2140 1178 3185 1762 3193 4780 673 2436 2674 3679 1384 1481 4037 2200 2430 3591 3358 3732 2322 3663 4874 4990 1351 2521 1786 911 760 4205 4602 2125 729 4237 3794 2231 2600 2761 2805 4936 4811 4667 1657 3650 2179 2460 414 566 1114 4343 3914 4497 1746 509 2012 1840 358 4128 1223 1535 3013 3868 4154 614 275 4330 4918 2214 2058 3583 1935 211 434 2460 4438 2458 2468 2584 2198 4276 2541 1699 3998 3643 33 3204 3295 4021 1854 4078 3831 279 3547 1478 1485 3572 1744 3208 2278 2942 4927 1778 3886 2724 1068 121 4603 845 442 2611 3071 2627 3086 885 596 4035 2319 1678 437 661 1558 4475 1490 855 4866 1020 4532 4311 623 4743 1914 3328 1504 1884 1012 4772 4091 2017 1166 3883 149 286 759 1251 2973 2724 3266 1793 1829 4537 268 1687 198 255 1424 1390 3099 695 1352 3550 1873 1175 3068 2772 1781 2116 4087 522 4654 3116 2416 4365 2565 4802 1415 3723 2971 3103 2001 1828 2554 2375 4206 508 118 883 2984 4341 1837 685 655 2185 1532 2577 2019 1160 2676 4905 1241 4319 3454 1217 3681 3875 1667 1261 3007 2724 2159 744 3297 2845 4342 2231 1553 4635 903 2493 3636 956 2136 2624 2969 2985 3954 1315 3246 3247 271 1901 184 1843 34 1954 185 20 2286 2825 4159 1646 2393 4966 154 4035 2273 3129 4502 3989 984 750 738 202 909 4590 4480 1662 1803 3127 2734 3199 3109 1735 4284 2253 3946 1558 2496 4201 1718 3029 3614 216 3841 153 4308 1151 588 5 4828 897 1569 4687 3691 375 3066 3881 954 2495 518 4347 739 49 3895 1719 4263 1046 3054 4093 1077 1073 1419 2928 1933 3338 520 1825 1230 433 454 2547 2197 96 2715 2863 2863 2492 4378 2008 3817 3245 3850 1377 2949 2780 2260 3381 959 1661 4071 3687 3969 3549 310 4492 869 3325 3685 30 129 1912 4968 1891 3623 425 4485 509 661 4129 3610 4699 1843 776 4402 3447 2627 2473 4764 2465 334 4411 3716 2837 4644 3332 3703 4440 1220 4361 1209 953 2253 1644 1921 3389 1243 902 3023 2387 2159 3885 3692 1898 1160 4359 2011 391 2935 159 2663 1163 3466 2015 2022 4101 846 919 1604 3172 4442 805 971 304 1514 1710 497 1609 2313 716 18 3856 3 3617 1175 4461 250 2906 367 4872 1839 1199 3606 1420 3788 4066 100 640 4055 2294 3719 3072 4345 1122 1931 4932 1631 2446 112 2567 4209 397 3237 339 2274 3972 1148 3532 3784 506 933 2386 3276 1441 472 1090 4851 331 1838 678 4486 4464 1143 204 2623 2256 3593 1749 4526 2979 1575 1496 2195 1185 2688 1166 1324 1087 4018 1167 2713 3119 4022 1261 454 2756 302 2782 3097 2988 2204 808 3860 3766 2437 3152 3325 1949 1006 500 4157 1230 389 2842 3350 1191 531 4656 473 2657 425 870 1414 1344 4953 3192 4780 1344 1526 17 2316 3850 3943 2684 2634 1487 3087 1412 2851 3660 3065 4295 4917 71 3450 4735 3179 400 631 3033 4544 4635 3473 3665 1615 3726 126 4406 4168 590 2810 1065 3653 1607 3110 796 4997 3244 4975 929 489 3251 906 3544 3238 2236 655 2821 1234 1740 1235 1353 2634 1765 2123 3720 2396 144 1486 2260 3032 974 4210 648 1140 123 1841 230 1648 140 213 2397 647 2923 50 4254 1520 416 3291 3662 1027 10 600 1968 2040 2046 3334 2724 2956 1191 4287 4179 2293 1231 3244 2700 3929 2901 2817 1140 2018 2072 4536 2961 2852 587 488 264 3666 1625 4038 3032 2350 2418 3060 2831 1560 1735 4922 507 384 3795 4331 3187 1071 3354 1594 2607 1291 3086 1492 4813 4274 2192 3912 1214 1218 3260 1060 3784 2317 3368 3577 1461 650 3046 730 3028 3730 1415 2704 2190 1889 595 3498 2372 526 359 99 2736 2084 3998 4405 2065 3089 211 3469 4962 2743 3133 3918 4317 1617 4172 3979 2620 4265 1683 1799 3408 360 4391 1119 3806 1493 3335 1443 2655 17 4053 4832 1366 3050 828 1401 2079 1871 3561 2496 3999 2315 2039 1759 1967 3910 1358 4244 2700 3345 1692 2773 956 4224 2758 2071 2833 1644 1168 1134 1090 410 4500 3256 2067 3822 1176 2874 1873 2764 1235 2744 1795 1640 4217 2822 4670 1348 501 301 4343 3698 4374 2931 2718 1835 2405 2161 4273 4912 654 3851 2030 4607 3325 1995 1550 1384 2283 4759 3526 2183 1017 2357 1040 3613 3012 1428 3194 1515 3202 2772 1100 3486 1212 2633 3575 3977 4708 1612 1269 2911 2992 1419 4892 3177 2104 2906 3511 2303 3797 4073 254 4746 3410 1943 1405 177 2480 1904 1675 4034 2620 4212 1811 988 2252 16 4544 4634 4834 3112 1717 3451 4023 1741 226 1495 4508 2003 862 1573 2773 607 2033 1571 2711 4039 1241 3933 780 194 1545 4498 4636 1330 1228 2371 1022 4295 3400 2062 1744 1278 2728 3922 4763 497 3650 3139 4698 1697 731 3768 3140 2465 512 3051 4776 2573 886 4833 1249 2250 4836 2235 1690 536 3319 620 155 230 4054 3252 4885 2653 96 1836 3099 4447 3611 419 2857 